0 0 0.0203347446360515
0 1 0.0120281307351137
0 2 -0.00694444448408717
0 3 5.33786941514167e-12
0 49 0.0758903001406831
0 50 0.00694444458512346
0 51 0.0120281307934471
0 52 1.99212035756346e-11
1 0 -0.0758902997521682
1 1 -0.0277777778506491
1 2 -0.00694444461429012
1 3 -0.00694444446446712
1 4 0.0203347446360516
1 5 0.0120281307351137
1 6 -0.00694444448408717
1 7 5.33787142091569e-12
1 49 0.0203347451297908
1 50 0.0481125216836857
1 51 0.0120281307856319
1 52 0.0120281306427975
1 53 0.075890300140683
1 54 0.00694444458512346
1 55 0.0120281307934471
1 56 1.99212037924751e-11
2 0 0.0758903000510889
2 1 0.0120281308439652
2 2 0.0481125221211857
2 3 0.0120281306427975
2 14 0.0203347446360515
2 15 0.0120281307351137
2 16 -0.00694444448408717
2 17 5.33786987592759e-12
2 49 -0.0203347440142034
2 50 0.00694444451325383
2 51 0.0277777770928768
2 52 0.00694444446446712
2 63 0.075890300140683
2 64 0.00694444458512346
2 65 0.0120281307934471
2 66 1.99212036840549e-11
3 0 -0.0203347445079426
3 1 0.0277777768012102
3 2 -0.0481125211785042
3 3 -1.6013614739796e-10
3 4 0.0758903000510889
3 5 0.0120281308439652
3 6 0.0481125221211857
3 7 0.0120281306427975
3 14 -0.0758902997521682
3 15 -0.0277777778506491
3 16 -0.00694444461429012
3 17 -0.00694444446446711
3 18 0.0203347446360515
3 19 0.0120281307351137
3 20 -0.00694444448408717
3 21 5.33787133960052e-12
3 49 -0.0758902996625741
3 50 -0.0481125216160042
3 51 -0.0277777775589824
3 52 -5.97636121146827e-10
3 53 -0.0203347440142034
3 54 0.00694444451325383
3 55 0.0277777770928768
3 56 0.00694444446446712
3 63 0.0203347451297908
3 64 0.0481125216836857
3 65 0.0120281307856319
3 66 0.0120281306427975
3 67 0.075890300140683
3 68 0.00694444458512346
3 69 0.0120281307934471
3 70 1.99212040093155e-11
4 1 -0.0120281308614091
4 4 -0.0758902997521682
4 5 -0.0277777778506491
4 3 -5.33787142091569e-12
4 6 -0.00694444461429012
4 7 -0.00694444446446712
4 8 0.0203347446360515
4 9 0.0120281307351137
4 10 -0.00694444448408717
4 11 5.33786922540629e-12
4 50 -0.00694444465804012
4 53 0.0203347451297908
4 54 0.0481125216836857
4 52 -1.99212041685577e-11
4 55 0.0120281307856319
4 56 0.0120281306427975
4 57 0.0758903001406831
4 58 0.00694444458512345
4 59 0.0120281307934471
4 60 1.99212024914325e-11
5 1 -0.0120281309702606
5 4 -0.0203347445079427
5 5 0.0277777768012102
5 3 -0.0120281307690929
5 6 -0.0481125211785042
5 7 -1.60136161275748e-10
5 8 0.075890300051089
5 9 0.0120281308439652
5 10 0.0481125221211857
5 11 0.0120281306427975
5 15 -0.0120281308614091
5 18 -0.0758902997521682
5 19 -0.0277777778506491
5 17 -5.33787109565503e-12
5 20 -0.00694444461429012
5 21 -0.00694444446446711
5 22 0.0203347446360516
5 23 0.0120281307351137
5 24 -0.00694444448408717
5 25 5.33786895435574e-12
5 50 -0.0069444445861705
5 53 -0.0758902996625741
5 54 -0.0481125216160042
5 52 -0.00694444453738379
5 55 -0.0277777775589824
5 56 -5.97636079513464e-10
5 57 -0.0203347440142034
5 58 0.00694444451325383
5 59 0.0277777770928769
5 60 0.00694444446446713
5 64 -0.00694444465804012
5 67 0.0203347451297908
5 68 0.0481125216836857
5 66 -1.99212037568997e-11
5 69 0.0120281307856319
5 70 0.0120281306427975
5 71 0.075890300140683
5 72 0.00694444458512346
5 73 0.0120281307934471
5 74 1.9921203250374e-11
6 5 -0.0120281308614091
6 8 -0.0758902997521682
6 9 -0.0277777778506491
6 7 -5.33787055355395e-12
6 10 -0.00694444461429012
6 11 -0.00694444446446712
6 12 0.0203347446360515
6 13 -0.00694444448408717
6 54 -0.00694444465804012
6 57 0.0203347451297908
6 58 0.0481125216836856
6 56 -1.99212015173446e-11
6 59 0.0120281307856319
6 60 0.0120281306427975
6 61 0.075890300140683
6 62 0.0120281307934471
6 98 0.0120281307351138
6 99 5.33786908988101e-12
6 105 0.00694444458512347
6 106 1.9921204226156e-11
7 5 -0.0120281309702606
7 8 -0.0203347445079426
7 9 0.0277777768012102
7 7 -0.0120281307690929
7 10 -0.0481125211785042
7 11 -1.60136152602131e-10
7 12 0.0758903000510889
7 13 0.0481125221211857
7 19 -0.0120281308614091
7 22 -0.0758902997521682
7 23 -0.0277777778506491
7 21 -5.33786849356982e-12
7 24 -0.00694444461429012
7 25 -0.00694444446446713
7 26 0.0203347446360516
7 27 -0.00694444448408718
7 54 -0.0069444445861705
7 57 -0.0758902996625741
7 58 -0.0481125216160042
7 56 -0.00694444453738379
7 59 -0.0277777775589824
7 60 -5.97636148902403e-10
7 61 -0.0203347440142034
7 62 0.0277777770928769
7 68 -0.00694444465804012
7 71 0.0203347451297908
7 72 0.0481125216836856
7 70 -1.99212027574008e-11
7 73 0.0120281307856319
7 74 0.0120281306427975
7 75 0.0758903001406831
7 76 0.0120281307934471
7 98 0.0120281308439652
7 99 0.0120281306427975
7 100 0.0120281307351138
7 101 5.33786768041819e-12
7 105 0.00694444451325383
7 106 0.00694444446446713
7 107 0.00694444458512346
7 108 1.99212033587942e-11
8 9 -0.0120281308614091
8 12 -0.0758902997521682
8 11 -5.33786946935177e-12
8 13 -0.00694444461429012
8 58 -0.00694444465804013
8 61 0.0203347451297908
8 60 -1.99212072466754e-11
8 62 0.0120281307856319
8 98 0.0462517641399635
8 99 -0.00347222214356505
8 105 0.0587784828425754
8 106 0.0060140653136537
9 9 -0.0120281309702606
9 12 -0.0203347445079427
9 11 -0.0120281307690929
9 13 -0.0481125211785042
9 23 -0.0120281308614091
9 26 -0.0758902997521681
9 25 -5.33786827672939e-12
9 27 -0.00694444461429012
9 58 -0.00694444458617051
9 61 -0.0758902996625741
9 60 -0.00694444453738381
9 62 -0.0277777775589824
9 72 -0.00694444465804013
9 75 0.0203347451297908
9 74 -1.9921205564468e-11
9 76 0.0120281307856319
9 98 0.0740295415143171
9 99 0.060140652275722
9 100 0.0462517641399635
9 101 -0.00347222214356506
9 105 0.0106659616921908
9 106 0.0347222215280371
9 107 0.0587784828425753
9 108 0.00601406531365371
10 2 0.00694444455700383
10 3 -5.33786936093156e-12
10 14 0.0758903000510889
10 15 0.0120281308439652
10 16 0.0481125221211857
10 17 0.0120281306427975
10 28 0.0203347446360515
10 29 0.0120281307351138
10 30 -0.00694444448408717
10 31 5.33786719252721e-12
10 51 -0.0120281309197424
10 52 -1.9921203250374e-11
10 63 -0.0203347440142034
10 64 0.00694444451325383
10 65 0.0277777770928769
10 66 0.00694444446446711
10 77 0.075890300140683
10 78 0.00694444458512346
10 79 0.0120281307934471
10 80 1.99212054187783e-11
11 2 0.00694444468720678
11 3 0.00694444453738378
11 14 -0.0203347445079426
11 15 0.0277777768012102
11 16 -0.0481125211785042
11 17 -1.60136136989619e-10
11 6 0.00694444455700384
11 7 -5.33787261353807e-12
11 18 0.0758903000510889
11 19 0.0120281308439652
11 20 0.0481125221211857
11 21 0.0120281306427975
11 28 -0.0758902997521682
11 29 -0.0277777778506491
11 30 -0.00694444461429012
11 31 -0.00694444446446712
11 32 0.0203347446360516
11 33 0.0120281307351137
11 34 -0.00694444448408716
11 35 5.33786998434781e-12
11 51 -0.0120281309119273
11 52 -0.0120281307690929
11 63 -0.0758902996625741
11 64 -0.0481125216160042
11 65 -0.0277777775589824
11 66 -5.97636135024615e-10
11 55 -0.0120281309197424
11 56 -1.99212035214245e-11
11 67 -0.0203347440142034
11 68 0.00694444451325383
11 69 0.0277777770928769
11 70 0.00694444446446713
11 77 0.0203347451297908
11 78 0.0481125216836857
11 79 0.0120281307856319
11 80 0.0120281306427975
11 81 0.0758903001406831
11 82 0.00694444458512346
11 83 0.0120281307934471
11 84 1.99212039008953e-11
12 3 5.33787223406731e-12
12 6 0.00694444468720678
12 7 0.00694444453738377
12 15 -0.0120281309702606
12 18 -0.0203347445079426
12 19 0.0277777768012102
12 17 -0.0120281307690929
12 20 -0.0481125211785041
12 21 -1.60136150867407e-10
12 10 0.00694444455700383
12 11 -5.33786881883047e-12
12 22 0.0758903000510889
12 23 0.0120281308439652
12 24 0.0481125221211856
12 25 0.0120281306427975
12 29 -0.0120281308614091
12 32 -0.0758902997521682
12 33 -0.0277777778506491
12 31 -5.33786556622395e-12
12 34 -0.00694444461429013
12 35 -0.00694444446446712
12 36 0.0203347446360516
12 37 0.0120281307351138
12 38 -0.00694444448408716
12 39 5.33787231538248e-12
12 52 1.99212035756346e-11
12 55 -0.0120281309119273
12 56 -0.0120281307690929
12 64 -0.0069444445861705
12 67 -0.0758902996625741
12 68 -0.0481125216160042
12 66 -0.00694444453738379
12 69 -0.0277777775589824
12 70 -5.97636121146827e-10
12 59 -0.0120281309197424
12 60 -1.99212030335336e-11
12 71 -0.0203347440142034
12 72 0.00694444451325384
12 73 0.0277777770928768
12 74 0.00694444446446713
12 78 -0.00694444465804013
12 81 0.0203347451297908
12 82 0.0481125216836857
12 80 -1.99212033926755e-11
12 83 0.0120281307856319
12 84 0.0120281306427975
12 85 0.075890300140683
12 86 0.00694444458512345
12 87 0.0120281307934471
12 88 1.99212046598368e-11
13 7 5.33786833093949e-12
13 10 0.00694444468720679
13 11 0.00694444453738379
13 19 -0.0120281309702606
13 22 -0.0203347445079427
13 23 0.0277777768012102
13 21 -0.0120281307690929
13 24 -0.0481125211785042
13 25 -1.60136180357706e-10
13 13 0.00694444455700384
13 26 0.0758903000510889
13 27 0.0481125221211856
13 33 -0.0120281308614091
13 36 -0.0758902997521682
13 37 -0.0277777778506491
13 35 -5.33787001145286e-12
13 38 -0.00694444461429013
13 39 -0.0069444444644671
13 40 0.0203347446360515
13 41 -0.00694444448408717
13 56 1.99212027082729e-11
13 59 -0.0120281309119273
13 60 -0.0120281307690929
13 68 -0.0069444445861705
13 71 -0.0758902996625741
13 72 -0.0481125216160042
13 70 -0.00694444453738379
13 73 -0.0277777775589824
13 74 -5.97636155841297e-10
13 62 -0.0120281309197425
13 75 -0.0203347440142033
13 76 0.0277777770928769
13 82 -0.00694444465804012
13 85 0.0203347451297908
13 86 0.0481125216836856
13 84 -1.9921203326607e-11
13 87 0.0120281307856319
13 88 0.0120281306427975
13 89 0.075890300140683
13 90 0.0120281307934471
13 99 -5.33787066197416e-12
13 100 0.0120281308439652
13 101 0.0120281306427975
13 102 0.0120281307351138
13 103 5.33786881883047e-12
13 106 -1.99212020577516e-11
13 107 0.00694444451325383
13 108 0.00694444446446712
13 109 0.00694444458512345
13 110 1.99212052019379e-11
14 11 5.33787174617634e-12
14 13 0.00694444468720677
14 23 -0.0120281309702606
14 26 -0.0203347445079426
14 25 -0.0120281307690928
14 27 -0.0481125211785042
14 37 -0.0120281308614091
14 40 -0.0758902997521682
14 39 -5.33786675884634e-12
14 41 -0.00694444461429013
14 60 1.99212048766773e-11
14 62 -0.0120281309119273
14 72 -0.00694444458617051
14 75 -0.0758902996625741
14 74 -0.00694444453738381
14 76 -0.0277777775589824
14 86 -0.00694444465804012
14 89 0.0203347451297908
14 88 -1.99212062048249e-11
14 90 0.0120281307856319
14 99 0.00347222218002337
14 100 0.0740295415143171
14 101 0.0601406522757219
14 102 0.0462517641399635
14 103 -0.00347222214356506
14 106 -0.00601406537680138
14 107 0.0106659616921908
14 108 0.0347222215280371
14 109 0.0587784828425753
14 110 0.0060140653136537
15 16 0.00694444455700384
15 17 -5.33786903567091e-12
15 28 0.0758903000510889
15 29 0.0120281308439652
15 30 0.0481125221211856
15 31 0.0120281306427975
15 42 0.0203347446360515
15 43 0.0120281307351137
15 65 -0.0120281309197424
15 66 -1.99212057982491e-11
15 77 -0.0203347440142034
15 78 0.00694444451325383
15 79 0.0277777770928768
15 80 0.00694444446446712
15 91 0.075890300140683
15 92 0.00694444458512346
16 16 0.00694444468720678
16 17 0.00694444453738377
16 28 -0.0203347445079426
16 29 0.0277777768012102
16 30 -0.0481125211785042
16 31 -1.60136114438214e-10
16 20 0.00694444455700383
16 21 -5.33787077039438e-12
16 32 0.075890300051089
16 33 0.0120281308439652
16 34 0.0481125221211856
16 35 0.0120281306427975
16 42 -0.0758902997521682
16 43 -0.0277777778506491
16 44 0.0203347446360515
16 45 0.0120281307351138
16 65 -0.0120281309119273
16 66 -0.0120281307690929
16 77 -0.0758902996625741
16 78 -0.0481125216160042
16 79 -0.0277777775589825
16 80 -5.97636128085721e-10
16 69 -0.0120281309197424
16 70 -1.99212039008953e-11
16 81 -0.0203347440142034
16 82 0.00694444451325383
16 83 0.0277777770928769
16 84 0.00694444446446712
16 91 0.0203347451297908
16 92 0.0481125216836857
16 93 0.075890300140683
16 94 0.00694444458512346
17 17 5.33786659621602e-12
17 20 0.0069444446872068
17 21 0.00694444453738378
17 29 -0.0120281309702606
17 32 -0.0203347445079427
17 33 0.0277777768012102
17 31 -0.0120281307690928
17 34 -0.0481125211785043
17 35 -1.60136095356256e-10
17 24 0.00694444455700383
17 25 -5.33787423984133e-12
17 36 0.075890300051089
17 37 0.0120281308439652
17 38 0.0481125221211856
17 39 0.0120281306427975
17 43 -0.0120281308614091
17 44 -0.0758902997521682
17 45 -0.027777777850649
17 46 0.0203347446360516
17 47 0.0120281307351137
17 66 1.99212037924751e-11
17 69 -0.0120281309119273
17 70 -0.0120281307690929
17 78 -0.0069444445861705
17 81 -0.0758902996625741
17 82 -0.0481125216160042
17 80 -0.00694444453738379
17 83 -0.0277777775589824
17 84 -5.97636128085721e-10
17 73 -0.0120281309197424
17 74 -1.9921203738265e-11
17 85 -0.0203347440142034
17 86 0.00694444451325384
17 87 0.0277777770928769
17 88 0.00694444446446713
17 92 -0.00694444465804013
17 93 0.0203347451297908
17 94 0.0481125216836857
17 95 0.075890300140683
17 96 0.00694444458512346
18 21 5.33787185459655e-12
18 24 0.00694444468720679
18 25 0.00694444453738375
18 33 -0.0120281309702606
18 36 -0.0203347445079426
18 37 0.0277777768012103
18 35 -0.0120281307690929
18 38 -0.0481125211785042
18 39 -1.60136076274298e-10
18 27 0.00694444455700384
18 40 0.0758903000510889
18 41 0.0481125221211855
18 45 -0.0120281308614091
18 46 -0.0758902997521681
18 47 -0.0277777778506491
18 48 0.0203347446360515
18 70 1.99212027082729e-11
18 73 -0.0120281309119273
18 74 -0.0120281307690929
18 82 -0.0069444445861705
18 85 -0.0758902996625741
18 86 -0.0481125216160042
18 84 -0.00694444453738379
18 87 -0.0277777775589825
18 88 -5.97636121146827e-10
18 76 -0.0120281309197424
18 89 -0.0203347440142034
18 90 0.0277777770928768
18 94 -0.00694444465804013
18 95 0.0203347451297908
18 96 0.0481125216836857
18 97 0.075890300140683
18 101 -5.33787207143699e-12
18 102 0.0120281308439652
18 103 0.0120281306427975
18 104 0.0120281307351137
18 108 -1.99212026540628e-11
18 109 0.00694444451325382
18 110 0.00694444446446712
18 111 0.00694444458512346
19 25 5.33786979461243e-12
19 27 0.00694444468720679
19 37 -0.0120281309702606
19 40 -0.0203347445079427
19 39 -0.0120281307690928
19 41 -0.0481125211785042
19 47 -0.0120281308614091
19 48 -0.0758902997521681
19 74 1.9921204226156e-11
19 76 -0.0120281309119273
19 86 -0.00694444458617049
19 89 -0.0758902996625741
19 88 -0.00694444453738379
19 90 -0.0277777775589824
19 96 -0.00694444465804012
19 97 0.0203347451297908
19 101 0.00347222218002337
19 102 0.0740295415143172
19 103 0.0601406522757219
19 104 0.0462517641399634
19 108 -0.00601406537680138
19 109 0.0106659616921908
19 110 0.0347222215280371
19 111 0.0587784828425754
20 30 0.00694444455700384
20 31 -5.33787510720307e-12
20 42 0.075890300051089
20 43 0.0120281308439652
20 79 -0.0120281309197424
20 80 -1.99212064487704e-11
20 91 -0.0203347440142034
20 92 0.00694444451325384
21 30 0.00694444468720678
21 31 0.00694444453738378
21 42 -0.0203347445079426
21 43 0.0277777768012102
21 34 0.00694444455700384
21 35 -5.33786914409112e-12
21 44 0.0758903000510889
21 45 0.0120281308439652
21 79 -0.0120281309119273
21 80 -0.0120281307690929
21 91 -0.0758902996625741
21 92 -0.0481125216160041
21 83 -0.0120281309197424
21 84 -1.99212041177357e-11
21 93 -0.0203347440142034
21 94 0.00694444451325382
22 31 5.33787190880666e-12
22 34 0.00694444468720679
22 35 0.00694444453738378
22 43 -0.0120281309702606
22 44 -0.0203347445079426
22 45 0.0277777768012102
22 38 0.00694444455700382
22 39 -5.3378765166659e-12
22 46 0.0758903000510889
22 47 0.0120281308439652
22 80 1.9921204226156e-11
22 83 -0.0120281309119273
22 84 -0.0120281307690929
22 92 -0.0069444445861705
22 93 -0.0758902996625741
22 94 -0.0481125216160042
22 87 -0.0120281309197424
22 88 -1.9921203250374e-11
22 95 -0.0203347440142034
22 96 0.00694444451325383
23 35 5.33786930672145e-12
23 38 0.00694444468720679
23 39 0.00694444453738375
23 45 -0.0120281309702606
23 46 -0.0203347445079426
23 47 0.0277777768012103
23 41 0.00694444455700382
23 48 0.075890300051089
23 84 1.99212027082729e-11
23 87 -0.0120281309119273
23 88 -0.0120281307690929
23 94 -0.0069444445861705
23 95 -0.0758902996625741
23 96 -0.0481125216160042
23 90 -0.0120281309197424
23 97 -0.0203347440142034
23 103 -5.33787272195829e-12
23 104 0.0120281308439652
23 110 -1.99212043887863e-11
23 111 0.00694444451325383
24 39 5.33787158354601e-12
24 41 0.00694444468720679
24 47 -0.0120281309702606
24 48 -0.0203347445079426
24 88 1.99212050935177e-11
24 90 -0.0120281309119273
24 96 -0.00694444458617049
24 97 -0.0758902996625741
24 103 0.00347222218002335
24 104 0.0740295415143171
24 110 -0.00601406537680139
24 111 0.0106659616921908
